[scrollbar_colors]
scrollbar_bg_hovered=0|0.474724650383|0.85232067108154|0.65882354974747
scrollbar_cursor=0|0.4745098054409|0.85098040103912|0.65882354974747
scrollbar_cursor_active=0|0.4745098054409|0.85098040103912|0.65882354974747
scrollbar_bg_active=0|0.4745098054409|0.85098040103912|0.65882354974747
scrollbar_bg=0.16|0.29|0.48|0.54
[values]
font_name=arialbd.ttf
line_count=10
font_size=14
[other_colors]
chat_bg=0|0|0|0
input_bg=0.43292030692101|0.31013548374176|0.56540083885193|0.54000002145767
