[Settings]
fistX=484.5
star6Y=368
star5X=1310
starssizeY=32
starssizeX=32
color_dinero=-3182045
star2Y=244.5
radarY=112.46
coloractive=4291765027
cmd=hd
star6X=1308
vidasizeX=109
ammoY=20
vidasizeY=9
star4Y=307
star2X=1311
chaleX=90
color_radar_b=255
color_fist_b=90
color_arma_g=255
radarX=21.388
star3Y=276
star5Y=340
star1Y=212.5
star4X=1311
dineroY=318.5
coloroff=16777215
dinerosizeX=0.30550000000001
color_radar_g=254
dinerosizeY=1.1285
color_fist_g=90
star3X=1311
dineroX=28.5
radarsizeY=81.4
radarsizeX=91
ammoX=0.17343046
color_arma_r=255
color_fist_r=194
star1X=1310.5
color_radar_r=254
vidaX=138.5
color_vida=-3728016
vidaY=76
fistY=273
chalesizeX=62
color_chale=-1
chaleY=53.5
color_arma_b=255
chalesizeY=9
